=== A std  raw macro 0.0684 ===
fmt     f32    fp16     sq4     sq8
B                                  
16   0.0054  0.0087  0.1396  0.0434
32   0.0088  0.0423  0.3084  0.1647
64   0.0424  0.1656  0.6240  0.3424
96   0.1003  0.2486  0.7770  0.5244
192  0.2488  0.5238  0.9444  0.7991
384  0.5238  0.7995  0.9636  0.9644
768  0.7999  0.9640     NaN  0.9849
fmt     f32    fp16     sq4     sq8
B                                  
16   0.0004  0.0004  0.0037  0.0016
32   0.0004  0.0016  0.0118  0.0018
64   0.0017  0.0016  0.0081  0.0019
96   0.0010  0.0029  0.0097  0.0026
192  0.0033  0.0025  0.0080  0.0025
384  0.0024  0.0024  0.0059  0.0019
768  0.0026  0.0016     NaN  0.0015
             diff                       lo                       hi                
contrast fp16-f32 sq4-sq8 sq8-f32 fp16-f32 sq4-sq8 sq8-f32 fp16-f32 sq4-sq8 sq8-f32
B                                                                                  
16         0.0002  0.0066  0.0026  -0.0001  0.0051  0.0017   0.0006  0.0082  0.0037
32         0.0023  0.0098  0.0107   0.0014  0.0079  0.0081   0.0033  0.0118  0.0138
64         0.0084  0.0193  0.0205   0.0063  0.0159  0.0169   0.0113  0.0228  0.0251
96         0.0101  0.0173  0.0290   0.0077  0.0138  0.0246   0.0131  0.0213  0.0340
192        0.0188  0.0099  0.0376   0.0157  0.0069  0.0320   0.0223  0.0137  0.0438
384        0.0188 -0.0001  0.0301   0.0154 -0.0010  0.0245   0.0230  0.0009  0.0368
768        0.0112     NaN  0.0126   0.0081     NaN  0.0093   0.0151     NaN  0.0168
  m  n_seeds  MiB_PQ  PQ_ret  SQ8_ret  PQ_sd  SQ8_sd                    PQ-SQ8  OPQ_ret                    OPQ-PQ
 16        5    3.20  0.1946   0.0748 0.0002  0.0002 +0.0082 [+0.0064,+0.0099]      NaN                       NaN
 32        5    5.64  0.3784   0.1805 0.0012  0.0001 +0.0135 [+0.0106,+0.0160]   0.4850 +0.0073 [+0.0050,+0.0098]
 64        5   10.54  0.6443   0.3713 0.0009  0.0001 +0.0187 [+0.0151,+0.0221]   0.7374 +0.0064 [+0.0035,+0.0092]
128        5   20.32  0.8536   0.6754 0.0005  0.0001 +0.0122 [+0.0086,+0.0161]   0.8833 +0.0020 [-0.0000,+0.0044]
256        5   39.90  0.9626   0.8970 0.0003  0.0002 +0.0045 [+0.0021,+0.0067]      NaN                       NaN
