=== A noname  raw macro 0.0077 ===
fmt     f32    fp16     sq4     sq8
B                                  
16   0.0369  0.2195  0.5181  0.2729
32   0.2209  0.2792  0.7340  0.4758
64   0.2796  0.4900  0.8736  0.7592
96   0.4619  0.6401  0.8907  0.7921
192  0.6389  0.8012  1.0251  0.9071
384  0.8013  0.9020  1.0364  1.0042
768  0.9019  1.0026     NaN  1.0133
fmt     f32    fp16     sq4     sq8
B                                  
16   0.0038  0.0032  0.0534  0.0070
32   0.0034  0.0044  0.0476  0.0054
64   0.0046  0.0073  0.0500  0.0206
96   0.0124  0.0112  0.0520  0.0045
192  0.0123  0.0193  0.0119  0.0089
384  0.0187  0.0027  0.0102  0.0208
768  0.0023  0.0077     NaN  0.0038
             diff                       lo                       hi                
contrast fp16-f32 sq4-sq8 sq8-f32 fp16-f32 sq4-sq8 sq8-f32 fp16-f32 sq4-sq8 sq8-f32
B                                                                                  
16         0.0014  0.0019  0.0018   0.0006  0.0010  0.0011   0.0023  0.0029  0.0026
32         0.0004  0.0020  0.0020  -0.0006  0.0008  0.0007   0.0015  0.0033  0.0032
64         0.0016  0.0009  0.0037   0.0006 -0.0001  0.0023   0.0027  0.0019  0.0052
96         0.0014  0.0008  0.0025   0.0005 -0.0001  0.0011   0.0023  0.0017  0.0040
192        0.0012  0.0009  0.0021   0.0001  0.0002  0.0008   0.0024  0.0017  0.0035
384        0.0008  0.0002  0.0016  -0.0001 -0.0003  0.0005   0.0017  0.0009  0.0027
768        0.0008     NaN  0.0009   0.0001     NaN  0.0002   0.0015     NaN  0.0015
