=== A instr  raw macro 0.0705 ===
fmt     f32    fp16     sq4     sq8
B                                  
16   0.0051  0.0150  0.1310  0.0469
32   0.0149  0.0472  0.2945  0.1480
64   0.0472  0.1475  0.6158  0.3228
96   0.1122  0.2401  0.7719  0.5163
192  0.2401  0.5192  0.9379  0.7941
384  0.5194  0.7933  0.9574  0.9550
768  0.7933  0.9546     NaN  0.9740
fmt     f32    fp16     sq4     sq8
B                                  
16   0.0013  0.0002  0.0022  0.0008
32   0.0003  0.0019  0.0117  0.0022
64   0.0020  0.0016  0.0032  0.0009
96   0.0042  0.0007  0.0058  0.0025
192  0.0008  0.0017  0.0058  0.0023
384  0.0022  0.0036  0.0059  0.0016
768  0.0037  0.0013     NaN  0.0029
             diff                       lo                       hi                
contrast fp16-f32 sq4-sq8 sq8-f32 fp16-f32 sq4-sq8 sq8-f32 fp16-f32 sq4-sq8 sq8-f32
B                                                                                  
16         0.0007  0.0059  0.0029   0.0001  0.0045  0.0019   0.0014  0.0074  0.0042
32         0.0023  0.0103  0.0094   0.0015  0.0083  0.0073   0.0031  0.0126  0.0117
64         0.0071  0.0207  0.0194   0.0053  0.0170  0.0159   0.0091  0.0247  0.0239
96         0.0090  0.0180  0.0285   0.0065  0.0145  0.0239   0.0121  0.0219  0.0338
192        0.0197  0.0101  0.0391   0.0164  0.0069  0.0330   0.0233  0.0143  0.0460
384        0.0193  0.0002  0.0307   0.0157 -0.0010  0.0245   0.0233  0.0013  0.0377
768        0.0114     NaN  0.0127   0.0080     NaN  0.0091   0.0154     NaN  0.0173
