=== B noname  raw macro 0.0073 ===
fmt     f32    fp16     sq4     sq8
B                                  
16   0.1204  0.1917  0.6409  0.4037
32   0.1906  0.3851  0.8364  0.6037
64   0.3859  0.5979  0.9720  0.7849
96   0.5173  0.7529  1.0164  0.9226
192  0.7535  0.9246  1.0744  1.0200
384  0.9247  1.0304  1.0432  1.0828
768  1.0303  1.0782     NaN  1.0795
fmt     f32    fp16     sq4     sq8
B                                  
16   0.0078  0.0031  0.0701  0.0225
32   0.0051  0.0104  0.0525  0.0026
64   0.0094  0.0141  0.0247  0.0245
96   0.0181  0.0069  0.0186  0.0155
192  0.0067  0.0084  0.0136  0.0100
384  0.0083  0.0121  0.0624  0.0046
768  0.0120  0.0018     NaN  0.0085
             diff                       lo                       hi                
contrast fp16-f32 sq4-sq8 sq8-f32 fp16-f32 sq4-sq8 sq8-f32 fp16-f32 sq4-sq8 sq8-f32
B                                                                                  
16         0.0005  0.0017  0.0021  -0.0001  0.0005  0.0010   0.0012  0.0030  0.0032
32         0.0014  0.0017  0.0030   0.0005  0.0005  0.0018   0.0024  0.0029  0.0044
64         0.0016  0.0014  0.0029   0.0004  0.0002  0.0014   0.0027  0.0025  0.0046
96         0.0017  0.0007  0.0030   0.0004 -0.0005  0.0012   0.0029  0.0017  0.0050
192        0.0013  0.0004  0.0020  -0.0002 -0.0005  0.0002   0.0028  0.0013  0.0038
384        0.0008 -0.0003  0.0012  -0.0004 -0.0010 -0.0002   0.0018  0.0004  0.0025
768        0.0004     NaN  0.0004  -0.0004     NaN -0.0006   0.0012     NaN  0.0014
