=== B std  raw macro 0.0897 ===
fmt     f32    fp16     sq4     sq8
B                                  
16   0.0081  0.0153  0.1146  0.0491
32   0.0152  0.0495  0.2922  0.1312
64   0.0493  0.1303  0.5739  0.3043
96   0.0753  0.2210  0.7671  0.4772
192  0.2210  0.4776  0.9629  0.7930
384  0.4774  0.7939  0.9882  0.9762
768  0.7939  0.9754     NaN  1.0076
fmt     f32    fp16     sq4     sq8
B                                  
16   0.0019  0.0011  0.0025  0.0014
32   0.0010  0.0014  0.0053  0.0021
64   0.0011  0.0018  0.0059  0.0029
96   0.0031  0.0021  0.0078  0.0034
192  0.0020  0.0040  0.0061  0.0026
384  0.0043  0.0036  0.0041  0.0018
768  0.0036  0.0017     NaN  0.0012
             diff                       lo                       hi                
contrast fp16-f32 sq4-sq8 sq8-f32 fp16-f32 sq4-sq8 sq8-f32 fp16-f32 sq4-sq8 sq8-f32
B                                                                                  
16         0.0006  0.0059  0.0037  -0.0000  0.0044  0.0027   0.0014  0.0074  0.0048
32         0.0031  0.0144  0.0104   0.0019  0.0121  0.0084   0.0042  0.0168  0.0125
64         0.0073  0.0242  0.0229   0.0054  0.0214  0.0198   0.0092  0.0270  0.0263
96         0.0131  0.0260  0.0360   0.0109  0.0214  0.0322   0.0153  0.0313  0.0401
192        0.0230  0.0152  0.0513   0.0203  0.0107  0.0452   0.0258  0.0206  0.0582
384        0.0284  0.0011  0.0447   0.0235 -0.0008  0.0364   0.0341  0.0033  0.0542
768        0.0163     NaN  0.0192   0.0114     NaN  0.0130   0.0219     NaN  0.0269
  m  n_seeds  MiB_PQ  PQ_ret  SQ8_ret  PQ_sd  SQ8_sd                    PQ-SQ8  OPQ_ret                    OPQ-PQ
 16        5    3.45  0.1153   0.0886 0.0012  0.0002 +0.0024 [+0.0007,+0.0041]      NaN                       NaN
 32        5    5.89  0.2334   0.1722 0.0010  0.0001 +0.0055 [+0.0031,+0.0077]   0.5410 +0.0276 [+0.0242,+0.0309]
 64        5   10.79  0.4483   0.3453 0.0010  0.0001 +0.0092 [+0.0059,+0.0124]   0.7209 +0.0244 [+0.0207,+0.0286]
128        5   20.57  0.7356   0.6346 0.0006  0.0005 +0.0091 [+0.0051,+0.0132]   0.8864 +0.0135 [+0.0101,+0.0171]
256        5   40.15  0.9336   0.9124 0.0011  0.0003 +0.0019 [-0.0026,+0.0062]      NaN                       NaN
