queries kept 6685 / 6879
raw macro 0.0684
rp10 d 24
rp10 d 48
rp10 d 96
rp10 d 192
rp10 d 384
                                             0                          1                          2                          3                          4
model                                        A                          A                          A                          A                          A
d                                           24                         48                         96                        192                        384
pca_c_ret                             0.100431                   0.245626                   0.521815                   0.800826                   0.966566
rp_u_ret                              0.091181                   0.276388                   0.538395                   0.737904                   0.865263
rp_u_sd_draws                         0.025544                   0.036639                   0.048578                   0.032998                   0.029424
rp_c_ret                              0.101009                   0.309168                   0.566569                   0.748766                   0.857505
rp_c_sd_draws                         0.018322                   0.036869                   0.039678                   0.026205                   0.027334
frozen_gap_draw_min                  -0.002525                  -0.006179                  -0.005564                   0.001293                   0.004558
frozen_gap_draw_max                   0.003018                   0.001576                   0.005191                   0.008415                   0.010417
FROZEN pca_c-rp_u    +0.0006 [-0.0007,+0.0022]  -0.0021 [-0.0046,+0.0008]  -0.0011 [-0.0044,+0.0021]  +0.0043 [+0.0015,+0.0072]  +0.0069 [+0.0043,+0.0101]
projector|centred    -0.0000 [-0.0015,+0.0016]  -0.0043 [-0.0067,-0.0016]  -0.0031 [-0.0063,+0.0000]  +0.0036 [+0.0014,+0.0056]  +0.0075 [+0.0057,+0.0095]
centring|RP          +0.0007 [+0.0004,+0.0009]  +0.0022 [+0.0016,+0.0029]  +0.0019 [+0.0009,+0.0032]  +0.0007 [-0.0007,+0.0025]  -0.0005 [-0.0020,+0.0013]
