queries kept 6685 / 6879
raw macro 0.0897
rp10 d 24
rp10 d 48
rp10 d 96
rp10 d 192
rp10 d 384
                                             0                          1                          2                          3                          4
model                                        B                          B                          B                          B                          B
d                                           24                         48                         96                        192                        384
pca_c_ret                             0.073334                   0.220174                   0.481129                   0.799639                   0.973396
rp_u_ret                              0.034043                   0.140199                   0.375031                   0.638079                   0.810316
rp_u_sd_draws                         0.010889                   0.026768                   0.045158                   0.046131                   0.044488
rp_c_ret                               0.04147                   0.181726                   0.447736                   0.703426                    0.85038
rp_c_sd_draws                         0.011922                   0.033088                   0.032535                   0.049987                   0.030513
frozen_gap_draw_min                   0.001784                   0.002614                   0.003457                   0.007676                   0.008213
frozen_gap_draw_max                   0.004728                   0.010944                   0.016237                   0.021545                   0.019512
FROZEN pca_c-rp_u    +0.0035 [+0.0023,+0.0048]  +0.0072 [+0.0047,+0.0098]  +0.0095 [+0.0062,+0.0126]  +0.0145 [+0.0106,+0.0187]  +0.0146 [+0.0104,+0.0197]
projector|centred    +0.0029 [+0.0016,+0.0042]  +0.0034 [+0.0010,+0.0059]  +0.0030 [-0.0014,+0.0067]  +0.0086 [+0.0042,+0.0125]  +0.0110 [+0.0087,+0.0138]
centring|RP          +0.0007 [+0.0005,+0.0009]  +0.0037 [+0.0030,+0.0046]  +0.0065 [+0.0049,+0.0086]  +0.0059 [+0.0031,+0.0094]  +0.0036 [+0.0008,+0.0069]
