queries kept 6685 / 6879
raw macro 0.0684
24 done
48 done
96 done
192 done
384 done
                                             0                          1                          2                          3                          4
model                                        A                          A                          A                          A                          A
d                                           24                         48                         96                        192                        384
B_f32                                       96                        192                        384                        768                       1536
pca_c_ret                               0.1004                     0.2456                     0.5218                     0.8008                     0.9666
pca_u_ret                               0.0859                     0.2442                     0.5253                     0.8008                     0.9789
rp_u_ret                                 0.072                     0.2627                     0.5546                     0.7481                     0.8767
rp_c_ret                                0.0865                     0.3067                     0.5619                     0.7467                     0.8632
FROZEN pca_c-rp_u    +0.0019 [+0.0003,+0.0038]  -0.0012 [-0.0040,+0.0022]  -0.0022 [-0.0060,+0.0014]  +0.0036 [-0.0003,+0.0077]  +0.0061 [+0.0034,+0.0091]
projector|centred    +0.0010 [-0.0006,+0.0028]  -0.0042 [-0.0072,-0.0011]  -0.0027 [-0.0067,+0.0009]  +0.0037 [+0.0005,+0.0069]  +0.0071 [+0.0051,+0.0092]
projector|uncentred  +0.0009 [-0.0003,+0.0022]  -0.0013 [-0.0040,+0.0017]  -0.0020 [-0.0066,+0.0020]  +0.0036 [+0.0004,+0.0068]  +0.0070 [+0.0048,+0.0094]
centring|PCA         +0.0010 [+0.0000,+0.0024]  +0.0001 [-0.0012,+0.0019]  -0.0002 [-0.0023,+0.0025]  +0.0000 [-0.0021,+0.0023]  -0.0008 [-0.0027,+0.0011]
centring|RP          +0.0010 [+0.0007,+0.0014]  +0.0030 [+0.0021,+0.0041]  +0.0005 [-0.0007,+0.0019]  -0.0001 [-0.0017,+0.0020]  -0.0009 [-0.0024,+0.0009]
