queries kept 6685 / 6879
raw macro 0.0897
24 done
48 done
96 done
192 done
384 done
                                             0                          1                          2                          3                          4
model                                        B                          B                          B                          B                          B
d                                           24                         48                         96                        192                        384
B_f32                                       96                        192                        384                        768                       1536
pca_c_ret                               0.0733                     0.2202                     0.4811                     0.7996                     0.9734
pca_u_ret                               0.0777                     0.2044                     0.4521                     0.8108                     0.9844
rp_u_ret                                0.0364                     0.1188                     0.3368                     0.6727                     0.8234
rp_c_ret                                0.0402                     0.1654                     0.4336                     0.7234                     0.8489
FROZEN pca_c-rp_u    +0.0033 [+0.0020,+0.0047]  +0.0091 [+0.0065,+0.0119]  +0.0129 [+0.0093,+0.0163]  +0.0114 [+0.0069,+0.0156]  +0.0134 [+0.0093,+0.0181]
projector|centred    +0.0030 [+0.0016,+0.0044]  +0.0049 [+0.0021,+0.0079]  +0.0043 [-0.0006,+0.0082]  +0.0068 [+0.0017,+0.0113]  +0.0112 [+0.0083,+0.0141]
projector|uncentred  +0.0037 [+0.0024,+0.0051]  +0.0077 [+0.0049,+0.0106]  +0.0103 [+0.0070,+0.0134]  +0.0124 [+0.0086,+0.0156]  +0.0144 [+0.0119,+0.0174]
centring|PCA         -0.0004 [-0.0013,+0.0006]  +0.0014 [+0.0000,+0.0026]  +0.0026 [+0.0006,+0.0047]  -0.0010 [-0.0035,+0.0020]  -0.0010 [-0.0039,+0.0024]
centring|RP          +0.0003 [-0.0002,+0.0009]  +0.0042 [+0.0033,+0.0051]  +0.0087 [+0.0063,+0.0118]  +0.0045 [+0.0017,+0.0080]  +0.0023 [-0.0005,+0.0055]
